MeanModelError =

   1.0e+03 *

    1.2349    1.1197    1.0996    1.0996    1.0655
    1.0515    0.9657    1.0097    1.0620    1.0735
    1.1042    0.9913    1.0162    1.2517         0
         0         0         0         0         0

BEST MODEL: 8 FEATURES - 10 RULES